54
711
26125
815372
976495
44130
51714
36
70
54963
691647
80
242
259483
154
4236
4831
415629
124
883772
195
15350
9137
327487
828526
56639
832290
97012
27
546574
54
44
769
496497
39287
265133
2
489628
37
882495
1378
222662
196
2552
366
82613
2459
321
278733
662589
781716
959216
857351
26597
737628
4300
54
864151
3159
31
244
447195
514372
486930
5958
353424
22788
7550
264188
85542
678472
23684
990
86955
55270
200
866790
31382
23
387616
32118
66
70
57768
74348
912
148
6177
90000
89354
5393
783
2837
440
455
85449
58937
7316
320
5293
36
1692
6326
5942
1070
147100
11
385581
74260
44188
622915
5368
68812
2891
17121
212354
29548
6883
661762
72878
8955
233545
24
787114
731190
96899
654
94893
34
102
244310
56225
13
24350
16
4874
3828
29
92612
442
458366
17732
3
85738
815321
62511
741230
80
565932
11388
3691
31338
812590
371500
37
95018
536298
592284
229
76712
89
9233
558
8582
4564
443412
696
6217
44670
444
21390
132469
696318
658760
23148
59264
930
44
332
75270
19998
36
27816
48556
37252
119730
68472
452224
490
54164
79700
78195
571
36531
2337
31492
83746
190
78
436
872
666
551590
513
39762
27214
1832
7782
72
56
924185
22530
196535
7532
170
134865
48
45
900
144600
31396
4736
14840
92
9735
21866
23832
75
383441
1102
1355
30
3
96390
64450
48
8449
48630
2816
3435
5691
19
37310
978
77630
75520
70
477662
9895
39152
33888
181
55990
824
47214
7559
147678
36284
71790
850
1170
36
2448
2540
40
1598
71280
240
29581
67
85962
37
90
1472
1388
39972
79920
54866
516
60
245140
4218
7740
53494
99
4534
97270
83566
675826
82855
20
71680
74368
30
88570
8366
1431
54920
741314
70338
38219
779518
5957
45
375535
66
13734
43
135
4138
25291
79772
67730
786
39188
942
668767
1750
139
27300
928
81662
151716
5
88
83936
6137
76
164272
110
61670
4790
38839
636056
7905
748
9750
11672
6900
20
83512
738686
27170
20
522
68
5176
5
66935
495
677
29478
3382
16215
175845
555
85775
5092
95880
561566
51092
89
1375
48584
887
28
130
61910
99590
514862
13052
54152
62590
9990
455
85700
7621
97550
2736
216786
3246
272
15133
416248
137
848442
1451
5733
129312
80
1074
17
494610
1124
521367
54336
798515
7432
84
854
84611
52452
86740
78
85550
48571
73967
28
984
9942
40
86865
1534
1000
643178
165
1722
557
541550
212985
281526
419234
9144
79745
97125
183200
49212
30
858960
360
17119
414410
57190
911
4559
40
97
828219
8855
357
81630
353514
66
648
769
8719
4185
82000
19660
726635
39577
25
400000
24
52695
105
372
22236
846
5
5350
5239
39652
164
7400
1598
2596
4266
3297
8264
980
72
900
3282
7400
60
97770
816399
759445
785753
79618
182
1665
1586
88
1310
5692
570
999
13422
956
17117
188
628
261
523
90
1725
91174
9980
937
